0.000083
0.000089
0.000091
0.000070
0.000085
0.000512
0.000088
0.000085
0.000076
0.000069
0.000066
0.000066
0.000063
0.000066
0.000066
0.000053
0.000059
0.000070
0.000066
0.000066
0.000059
0.000072
0.000068
0.000067
0.000051
0.000062
0.000049
0.000075
0.000062
0.000060
0.000092
0.000069
0.000059
0.000061
0.000059
0.000050
0.000065
0.000062
0.000079
0.000067
0.000051
0.000058
0.000069
0.000066
0.000065
0.000070
0.000112
0.000058
0.000053
0.000051
0.000076
0.000061
0.000057
0.000059
0.000065
0.000062
0.000062
0.000062
0.000070
